6.589057299999999673e-01,-9.850710900000000381e-01
1.958616400000000035e-01,1.270151299999999983e+00
-1.416592199999999968e+00,-3.268785200000000057e-01
1.823589600000000033e+00,1.430471999999999966e+00
-4.872555100000000028e-01,-5.356469099999999761e-01
2.345759900000000120e-01,1.483795900000000056e+00
1.378726899999999977e+00,1.312957100000000099e-01
-1.444892800000000088e+00,-7.462710899999999703e-02
-1.630115000000000036e-01,-3.978232999999999908e-01
1.252929799999999982e+00,-3.219923100000000038e-01
1.331716799999999923e+00,-8.022561400000000065e-02
-1.797805199999999992e-01,5.947293000000000163e-01
-1.285663199999999895e+00,-7.544733999999999607e-01
4.085632599999999837e-01,1.445537199999999967e+00
-1.452814599999999956e+00,-1.250770699999999902e+00
-1.315223100000000089e+00,9.947845499999999896e-01
1.022658000000000067e+00,-7.284184000000000214e-01
1.717776399999999981e+00,2.911119699999999838e-02
-1.781950399999999934e+00,-6.867617400000000094e-01
-9.660203000000000539e-01,-6.276028000000000162e-01
-1.574562199999999912e+00,3.777993800000000180e-01
1.115956600000000076e+00,-6.592506299999999486e-01
2.348831900000000056e-02,-1.798704700000000045e-01
-1.174768899999999894e+00,1.563695999999999975e-01
-1.050130900000000034e-01,-4.424531099999999828e-01
-2.562212600000000062e-01,-1.151159900000000014e-01
4.137094599999999733e-01,1.157424199999999903e+00
6.172945899999999764e-01,-9.597238699999999928e-03
-1.373886399999999952e+00,6.483221599999999807e-01
7.735301199999999877e-01,6.167366100000000184e-01
2.292945500000000081e+00,1.316948800000000031e+00
5.011798299999999928e-01,5.526289399999999991e-02
9.812914999999999832e-01,5.316238100000000300e-01
1.410627700000000040e-01,9.466890099999999975e-02
4.357881799999999833e-02,1.258857600000000063e-02
-1.842819599999999891e+00,-1.641373299999999924e+00
-1.223293699999999928e+00,-1.185190799999999989e-01
-1.164427300000000054e+00,4.101544200000000195e-01
1.248372100000000096e+00,-2.627893799999999908e-03
1.031111399999999900e+00,1.293032799999999982e+00
7.727592500000000086e-01,-7.466186599999999896e-01
-2.973833400000000168e-02,-1.581664600000000087e+00
2.171569100000000085e-01,-1.209161099999999989e+00
-1.056898899999999974e+00,1.031038099999999957e+00
-1.932576800000000095e+00,-9.204139599999999755e-01
5.977166000000000423e-01,8.554826300000000217e-01
-1.694521200000000061e+00,-1.270982000000000056e+00
8.222126800000000291e-01,1.918468899999999921e-01
-5.394306399999999613e-01,1.405422399999999961e+00
1.678395799999999900e-03,2.623303499999999899e-01
-7.423452099999999776e-01,-1.022048800000000091e+00
-1.306072200000000016e+00,-9.028140599999999738e-01
8.778118799999999888e-01,-1.380551899999999943e+00
4.647794100000000039e-01,-1.257964599999999988e+00
-1.106384800000000057e+00,-8.212915600000000316e-01
2.407824600000000093e+00,1.262246399999999991e+00
-1.564962100000000023e+00,-1.718958700000000062e-01
-8.545233399999999646e-01,-1.051301299999999994e+00
5.193268399999999719e-04,2.821983399999999920e-01
-1.884685799999999967e+00,-9.791979600000000339e-01
-8.949546000000000445e-01,-1.066691599999999962e+00
2.353867500000000057e-01,7.720871200000000156e-01
1.867734199999999900e+00,-1.157898899999999953e+00
7.347609200000000396e-01,1.628912799999999939e+00
7.367929700000000470e-02,1.237730799999999937e-01
-3.369706900000000172e-01,1.853280999999999956e+00
-1.997380099999999936e-01,1.735570400000000069e+00
1.204798299999999989e+00,-2.128500100000000061e-01
3.816324600000000067e-01,1.748179800000000117e-01
1.029305399999999926e+00,-1.911264199999999913e-01
-7.392441899999999677e-01,1.324546599999999907e+00
9.518155499999999547e-01,6.155185300000000082e-01
-1.567189399999999955e+00,-2.048274300000000048e-01
7.740081500000000059e-01,-1.220426599999999917e+00
1.212393800000000077e+00,-1.236448500000000061e+00
1.096689400000000036e+00,1.312375500000000084e-01
3.973670000000000258e-01,5.126427999999999541e-01
1.069430399999999892e+00,-1.381901400000000057e+00
-1.374491899999999989e+00,-2.049564299999999950e-01
-3.297977699999999901e-01,8.292726400000000053e-02
-7.180142800000000047e-01,-1.254153599999999980e+00
-6.756865199999999572e-01,1.300465399999999994e+00
4.336309899999999939e-01,2.194080200000000147e+00
-8.820720800000000361e-01,-5.819773999999999781e-01
1.163381699999999963e+00,-7.682681999999999567e-01
5.719143700000000052e-01,-1.241801300000000108e+00
-7.568276200000000342e-01,2.983929900000000246e-01
6.701902899999999663e-01,1.151917700000000044e+00
3.011988700000000144e-02,-8.944401100000000104e-01
1.219755900000000004e+00,1.345779800000000082e+00
-6.846416300000000010e-01,9.893230499999999816e-01
-3.768005899999999908e-01,-6.169640899999999650e-01
1.297272100000000095e-01,1.412756600000000029e+00
-1.094874099999999961e+00,1.393531099999999912e+00
1.147976799999999908e+00,-1.137021099999999896e+00
6.479018199999999617e-01,1.406239699999999981e+00
9.809346199999999794e-01,9.206187100000000345e-02
3.181982199999999761e-01,1.395211800000000002e+00
-5.006173499999999610e-01,7.866341699999999937e-02
-1.124847500000000000e+00,4.939230399999999799e-01
-1.813804600000000100e+00,-9.935396899999999754e-01
-7.484379199999999788e-01,-3.399938500000000002e-02
5.442299600000000126e-01,1.410526399999999958e+00
-9.443831400000000098e-01,1.017614800000000042e+00
-5.325497999999999621e-01,1.216976999999999975e+00
-4.459116900000000272e-01,-1.275572799999999951e+00
4.976746699999999857e-01,-1.023484499999999908e+00
-9.543475900000000234e-01,-1.190910700000000100e+00
1.649782800000000105e+00,4.041520400000000318e-02
-2.029068899999999953e+00,3.591198700000000077e-01
-2.352718299999999874e-01,-1.216284099999999979e+00
6.270806500000000172e-01,-6.287912199999999563e-02
-1.931790099999999955e+00,5.253025900000000137e-01
2.347317400000000109e+00,1.136318699999999904e+00
2.333266099999999899e-01,-2.747742699999999871e-01
-7.807989699999999811e-01,-1.132378799999999991e-01
-3.270540499999999851e-01,6.115863200000000166e-01
-1.407638399999999956e+00,1.087934200000000073e+00
4.891460100000000200e-02,-1.364299399999999940e+00
2.526953499999999853e-01,-1.304696599999999984e+00
-1.245954999999999924e+00,-6.564092000000000260e-01
-1.585734900000000058e+00,3.224793100000000190e-01
1.988021999999999956e+00,1.180537699999999912e+00
2.203745399999999854e+00,1.256686600000000098e+00
-1.718598899999999874e-01,-1.313433099999999909e+00
2.759918299999999936e-01,3.974040300000000192e-01
9.489019499999999940e-01,4.223767399999999728e-01
1.064003400000000044e+00,8.423188999999999815e-01
1.979872899999999936e+00,1.274078299999999997e+00
-2.791571500000000206e-01,-9.276780099999999696e-02
2.749118700000000026e-01,1.176506100000000110e+00
-3.176566299999999954e-01,3.172154300000000204e-01
-1.315506199999999959e+00,-8.802628099999999789e-02
-6.953306000000000209e-01,-7.359447999999999546e-01
9.158905200000000413e-01,1.630146700000000060e+00
9.743190400000000251e-01,5.121348199999999906e-01
-5.667159899999999473e-01,-1.698974699999999949e+00
1.376813800000000088e+00,7.485285000000000410e-01
5.214431800000000061e-01,-1.042015700000000100e+00
1.134897400000000056e+00,4.287649199999999938e-01
-5.111806399999999639e-01,1.496393000000000084e+00
1.457946299999999917e+00,-9.101734000000000213e-01
1.669039799999999962e+00,8.769250400000000445e-02
-9.649074699999999893e-01,-9.782779999999999809e-01
-2.000090199999999818e+00,-1.724718900000000055e+00
-1.431995499999999977e+00,-1.023520399999999997e+00
7.385516300000000145e-01,1.392493499999999940e-01
3.690601099999999968e-01,4.900270600000000143e-01
-1.636443099999999928e+00,-1.796066099999999999e+00
-1.312605299999999975e+00,-4.982927899999999855e-01
4.400203300000000151e-01,9.002257799999999754e-01
-1.593721100000000002e+00,-1.356794899999999915e+00
-7.238595100000000393e-01,2.154671200000000120e-01
1.325518299999999927e+00,1.426732200000000006e+00
-9.099958599999999898e-01,-6.071261300000000416e-01
1.186452999999999980e+00,9.972611000000000114e-01
-9.141385499999999942e-01,4.246167499999999873e-01
1.114387599999999923e+00,3.748486799999999897e-01
-1.461770699999999978e+00,-2.978280500000000108e-01
-3.275840799999999997e-01,2.315836900000000087e-01
9.406169500000000072e-01,-7.889827799999999947e-01
-1.823873999999999995e+00,8.850274099999999589e-01
9.491587499999999678e-02,-1.559466100000000077e+00
8.743679500000000049e-01,-7.686894699999999858e-01
-9.668240500000000459e-01,5.923083500000000390e-01
8.032911400000000146e-01,1.354565999999999937e+00
-5.213501000000000385e-01,7.262533899999999987e-01
-7.596841199999999628e-01,-6.977184300000000006e-01
-2.251748899999999942e+00,-1.962996100000000022e+00
-7.492357200000000494e-01,1.008951299999999961e-02
-6.261164300000000155e-03,-9.593575699999999928e-01
1.008553000000000033e+00,-9.838846599999999665e-01
1.983796899999999974e-01,-1.188232699999999920e+00
5.438491500000000034e-01,1.634342600000000090e+00
-2.129320899999999905e-01,2.588329799999999903e-01
-7.290366400000000136e-01,1.368189700000000064e+00
1.118591099999999977e-01,2.853862899999999939e-02
-9.682294999999999652e-01,-9.115852100000000346e-01
-5.659486299999999526e-01,-1.329923900000000048e+00
-2.713112699999999933e-01,1.588610999999999995e+00
1.559259900000000032e+00,-3.672827599999999859e-01
8.971609799999999968e-01,1.071291999999999911e+00
1.385655000000000081e+00,-4.979415099999999761e-01
9.677016099999999343e-02,-2.254040200000000105e-01
3.738382199999999989e-01,9.661258999999999819e-01
-7.911598300000000084e-01,-1.255014599999999980e+00
6.150616199999999756e-01,5.575504000000000016e-01
-3.908945600000000020e-01,1.812746399999999869e-01
-1.531393100000000007e-01,-1.200733700000000015e+00
2.980384099999999759e-01,5.091629600000000533e-01
5.572330199999999678e-01,-1.036433699999999902e+00
-1.090596399999999994e-01,-1.067219600000000046e+00
4.123011799999999893e-01,-1.236379600000000051e-01
-1.551934300000000100e+00,-1.468650500000000081e+00
1.904261100000000040e+00,1.268644300000000058e+00
8.376922900000000061e-01,-1.153615900000000000e-01
2.430914299999999972e-01,1.614185600000000109e+00
4.798740499999999964e-01,-1.102450799999999953e+00
8.543364199999999853e-01,-5.374806199999999645e-01
-2.939569700000000188e-03,5.129387499999999989e-01
1.343970200000000004e+00,8.780624099999999599e-01
8.650076799999999871e-03,-9.175870600000000099e-01
1.821634999999999893e+00,-6.430730000000000057e-01
-2.124317900000000092e-01,-1.180141799999999908e+00
8.225284000000000484e-01,-1.205206400000000011e+00
-8.350524099999999672e-01,-1.060197700000000021e+00
-5.357524999999999649e-01,1.047561900000000046e+00
-1.530057199999999895e+00,-1.208064800000000050e+00
3.520430900000000030e-01,3.326098499999999847e-01
-1.092217400000000005e+00,5.313280000000000225e-01
7.090473299999999757e-01,8.716419699999999882e-01
1.544045499999999960e+00,1.752175000000000038e+00
-1.870284099999999894e+00,-5.554441199999999856e-01
-2.822578099999999979e-01,1.782443000000000000e+00
4.284739599999999871e-01,-4.939487499999999920e-01
9.231434200000000478e-01,9.328246399999999827e-01
-1.208175900000000080e+00,-4.090078899999999851e-01
-1.314715700000000043e+00,1.754388500000000073e-01
-7.526302700000000456e-01,-3.213854099999999825e-01
6.138766100000000447e-01,-1.464895800000000081e+00
-5.982624699999999907e-01,-1.351439300000000010e+00
-1.150486600000000026e+00,-4.976118000000000208e-02
1.600778999999999952e+00,-1.362585099999999994e+00
-9.022864499999999621e-01,-3.599877599999999900e-01
-6.602350999999999637e-01,-7.082208700000000579e-02
2.573285199999999939e+00,9.886675299999999611e-01
-1.127372199999999935e+00,-6.340390799999999494e-02
-1.007361299999999904e+00,-3.968323100000000214e-01
1.433772000000000046e+00,-1.205295299999999958e+00
1.001900000000000013e+00,2.539818500000000090e-01
-1.029400599999999999e-01,-4.144374299999999955e-01
-9.690746399999999872e-01,1.024335900000000077e+00
1.093897099999999956e+00,1.026310999999999973e+00
1.077468300000000045e+00,1.630505100000000096e-02
1.439467599999999958e+00,-1.701349000000000000e+00
-2.021488000000000174e+00,-7.917858399999999630e-01
1.169300500000000076e+00,5.105467799999999778e-01
4.034095800000000315e-02,-1.505532899999999952e+00
9.307848899999999759e-01,7.834486400000000295e-01
8.238188899999999704e-01,5.866570100000000343e-01
-9.567614800000000252e-02,-1.055013200000000095e+00
1.052796899999999924e+00,4.715053900000000242e-01
-2.682880300000000107e-01,-1.520081599999999922e+00
1.346687399999999979e+00,2.290646100000000018e-01
-1.399771300000000052e+00,4.749794099999999908e-01
-1.337785900000000083e+00,-4.187185399999999724e-01
-5.225960699999999681e-01,-1.305665599999999982e+00
1.184773999999999994e+00,1.487817699999999910e+00
5.658372200000000296e-01,8.153223299999999563e-02
3.402758200000000066e-01,-1.343877699999999953e+00
5.777885600000000066e-01,-6.219213000000000102e-01
7.533608800000000105e-01,1.888209500000000096e+00
-1.843004699999999940e-01,-3.136109900000000339e-02
5.599262999999999879e-01,1.696589200000000019e+00
1.071365300000000076e+00,4.567340899999999815e-01
-6.127885100000000085e-01,7.752049600000000540e-01
8.193394400000000299e-01,4.623918899999999998e-02
1.111361899999999903e+00,-6.282070200000000604e-02
-1.611153599999999964e+00,-1.131371700000000091e+00
1.063133399999999895e+00,-5.309965299999999666e-02
7.637157399999999763e-01,-8.042571400000000370e-01
2.262534800000000068e-01,-1.384561600000000059e+00
-1.185682600000000031e+00,1.010274099999999953e+00
1.246527699999999905e+00,-1.183727900000000055e-01
-1.763410200000000039e+00,-1.168714599999999937e+00
-2.344177400000000133e-01,-6.561110300000000395e-01
-1.451553099999999930e+00,-1.290066099999999993e+00
2.336311600000000044e-01,-8.222062300000000379e-01
-1.840579699999999930e+00,-8.652922400000000458e-01
-1.625205199999999905e+00,-1.316205400000000081e+00
-7.150060400000000094e-01,-9.689811799999999975e-01
9.727302000000000171e-02,-1.329824600000000023e+00
-5.509805199999999736e-01,2.875500799999999857e-01
1.386527800000000088e+00,-1.303580200000000085e-02
2.148528100000000052e-01,-1.659049999999999914e+00
2.237088699999999902e-02,1.429698600000000042e+00
-3.384107700000000274e-01,-1.328681800000000024e+00
-6.927330400000000221e-01,-1.128778500000000018e-01
5.332371799999999912e-02,-1.018350000000000088e+00
-1.531453200000000014e-01,-1.223317800000000011e+00
-1.178229900000000052e+00,3.023280999999999885e-02
1.145664699999999980e+00,3.292338300000000051e-01
1.305047700000000033e+00,-1.400636299999999945e+00
-2.845874999999999932e-01,1.983507300000000084e+00
1.055446200000000001e+00,-5.533659099999999748e-02
-9.035523500000000041e-01,-2.025655399999999884e-01
6.611600699999999886e-01,-1.989674200000000059e-01
8.963936300000000523e-01,-1.273064299999999927e+00
-1.542863099999999932e+00,-6.176848099999999731e-01
1.289730899999999902e+00,-6.567315099999999628e-01
-1.668154099999999973e+00,-1.498244399999999921e+00
-1.357762200000000030e+00,-8.483887199999999851e-01
1.984750800000000037e+00,-2.522597799999999960e-02
4.850419999999999732e-01,6.349993099999999835e-01
-6.743546099999999655e-01,8.416586400000000134e-01
7.218927699999999614e-01,-9.754704699999999784e-01
1.019719400000000054e+00,-6.246073199999999659e-01
1.255851800000000074e+00,-1.807248700000000097e-01
-6.580226399999999920e-01,-1.306758700000000051e+00
-4.051604400000000106e-01,-1.253013500000000002e+00
1.266628400000000099e+00,4.934014899999999981e-01
9.332715000000000316e-01,-2.769830600000000032e-01
-8.147536499999999959e-01,-6.817346300000000081e-01
-1.514960000000000084e+00,-7.689848200000000134e-01
1.173707199999999978e-01,-1.068793799999999905e+00
3.843473000000000028e-01,2.154406700000000008e+00
-1.318883100000000086e+00,1.098079500000000097e+00
1.195037200000000022e+00,-1.651005499999999904e+00
5.285954400000000136e-02,1.520457699999999912e+00
1.457810899999999910e+00,3.728388400000000324e-02
-6.066974200000000428e-01,-1.597386600000000101e+00
-1.061883499999999980e+00,-5.486636299999999578e-01
-1.393185600000000024e+00,8.620422899999999888e-01
5.269345399999999513e-01,5.098330599999999491e-01
1.154260700000000028e+00,-4.510613500000000275e-01
-1.710500500000000090e-01,1.046478500000000075e-02
-1.634494799999999914e+00,5.241812300000000535e-01
2.201459499999999903e+00,-6.649900499999999992e-01
8.261589099999999686e-01,1.418818200000000029e+00
-1.384275600000000050e-01,-5.236241900000000032e-02
-7.541366299999999745e-01,1.191150200000000048e+00
5.736512500000000292e-02,-1.336480999999999919e-01
8.766016599999999492e-01,1.606494400000000045e-01
1.165034899999999984e+00,4.460492200000000240e-01
6.471197199999999539e-01,3.166952000000000100e-01
-1.734075500000000103e+00,-2.422062399999999893e-01
6.309289799999999726e-01,-6.737876900000000502e-01
-9.734964200000000289e-01,-4.697260999999999798e-02
-3.999630699999999761e-01,4.627099800000000242e-03
-1.144411300000000020e+00,-1.265178600000000042e+00
4.204600399999999794e-01,1.095552199999999976e+00
4.300973399999999947e-01,-6.543422500000000142e-01
1.485385799999999978e+00,3.651501500000000067e-01
-6.425376099999999813e-01,1.684609599999999929e+00
6.977409300000000369e-01,-6.550936400000000326e-01
-2.224567199999999967e-01,2.465339800000000192e+00
-1.215753499999999931e+00,-9.609964699999999638e-02
-2.757251199999999902e-01,1.051365099999999941e+00
-2.529648099999999844e-01,-4.061394700000000024e-01
-1.376160199999999945e+00,6.782206400000000412e-01
-1.127801000000000053e+00,-4.428126700000000193e-01
1.304293900000000006e+00,1.754493799999999881e-01
1.638180399999999981e+00,1.462639000000000022e+00
1.479798200000000064e+00,1.776150200000000012e+00
-1.607299800000000056e+00,-3.626086000000000031e-01
-1.520326000000000066e+00,-1.227423799999999954e+00
-6.566546600000000566e-02,-1.188828500000000066e+00
-6.530627900000000041e-01,4.328000200000000075e-01
2.483717700000000139e+00,1.205914300000000106e+00
-9.589512000000000036e-01,1.076567199999999946e+00
8.418334200000000545e-01,-3.718270200000000081e-01
-4.022811700000000212e-01,-1.113043900000000086e+00
-2.908761000000000263e-01,5.608643800000000512e-01
-1.016084200000000104e+00,-2.235546499999999936e-01
4.500774599999999848e-01,-1.037773200000000062e-01
-1.883057299999999934e+00,-4.541202599999999978e-01
-5.816139299999999457e-01,-7.522939600000000393e-01
-5.939624000000000015e-01,1.243667800000000101e+00
-1.493000499999999953e+00,-3.248604799999999827e-03
5.524547699999999839e-01,1.042958800000000075e+00
1.064861899999999917e+00,4.427904400000000074e-01
4.064504999999999924e-01,-7.070751100000000067e-01
1.147923900000000108e+00,4.361150099999999696e-02
6.118196500000000482e-01,1.373169599999999990e+00
1.098179199999999911e+00,5.076150499999999566e-01
1.097792300000000054e+00,6.040636099999999731e-01
-7.530634400000000284e-01,1.179346800000000028e+00
-1.126014899999999930e+00,4.105307100000000209e-01
-8.721999799999999858e-01,2.597796600000000233e-01
-4.146016900000000227e-01,2.561624900000000205e-01
8.011884900000000309e-01,-6.390880500000000186e-01
7.619477999999999529e-01,1.249359699999999934e-01
3.431077999999999906e-02,-1.179340300000000008e+00
5.239864899999999714e-01,-2.306302899999999878e-01
-2.623103699999999872e-02,-1.178430199999999983e+00
-1.465807099999999918e+00,-3.583728299999999756e-02
1.285417800000000055e+00,1.515852400000000100e-01
-8.509160799999999636e-01,1.889333599999999946e-01
-9.614535699999999796e-01,1.001211599999999979e+00
-7.759772700000000523e-01,1.270411499999999916e-01
-6.735439100000000234e-01,-6.204733300000000451e-01
2.440462499999999924e-01,-6.902335800000000132e-01
-9.738216100000000042e-01,5.110741199999999651e-01
3.696439899999999779e-01,1.033722599999999936e+00
-1.976750800000000030e+00,-8.798290399999999511e-01
3.079200799999999849e-01,1.174691600000000030e-01
-1.623225899999999999e+00,4.684939900000000268e-01
-8.425139099999999770e-01,-1.079739599999999911e+00
1.003917399999999960e+00,1.172986499999999932e+00
-9.542117100000000463e-01,6.867008000000000001e-01
7.677991600000000361e-01,-9.659891699999999526e-01
1.635265100000000027e+00,1.115119299999999924e+00
-1.704592399999999897e+00,-5.535632900000000411e-01
4.038231999999999933e-01,9.985467499999999344e-03
7.039547999999999917e-01,-9.057749000000000494e-01
3.345825800000000183e-01,1.394055599999999950e+00
-1.701715700000000053e+00,-5.690908000000000078e-01
2.642808800000000069e+00,1.144779400000000003e+00
7.692568699999999815e-01,7.715549699999999511e-01
-2.545677800000000213e-01,-1.419916499999999970e-01
