  -4.5367780e-01
  -1.7468796e+00
   1.1564607e-01
   1.7028679e-01
  -1.0809944e+00
   2.4939631e-01
   6.2081363e-01
  -3.8931265e-01
  -2.5971203e-01
   4.3530999e-01
   7.7746233e-02
   2.0159319e-01
  -9.5856613e-01
   1.2473979e+00
  -1.6191998e+00
   3.7308291e-01
  -3.8183677e-01
  -7.3535426e-01
   3.3555844e-01
  -1.0773216e+00
  -5.3513582e-01
  -7.7958778e-01
   1.0297623e-01
   3.6783484e-01
  -1.5898677e+00
  -1.4197883e+00
  -1.1922887e+00
  -4.6486943e-01
  -1.9089003e+00
  -1.4049308e+00
  -2.2790547e-01
   9.3191177e-01
   7.0563809e-01
  -4.7464219e-01
   9.1757352e-01
   6.0504345e-01
  -8.8946049e-02
  -2.6753578e-01
  -1.5914154e+00
   5.0737377e-01
  -8.9162807e-01
  -7.1762831e-02
   2.7445429e-01
   4.3153344e-01
  -6.1051696e-01
   4.2151929e-01
   8.1436169e-01
   2.3281771e-01
  -1.9854765e+00
  -1.5560383e+00
  -1.9023357e+00
   8.0910826e-01
  -1.2498807e+00
   5.2807157e-01
  -1.1101869e+00
   5.0364570e-01
   8.0254996e-03
  -1.0177655e+00
  -6.6971438e-01
  -9.7693578e-02
   4.0492375e-01
  -9.5947804e-01
   9.5328292e-02
  -3.8784976e-01
  -2.5900636e-02
   6.1409592e-01
  -5.1317788e-01
  -1.3024822e+00
  -7.0469097e-01
   3.2307287e-01
   9.5155796e-01
  -1.3152174e+00
  -5.7484794e-01
  -1.8457759e-01
  -7.0320708e-01
   6.4144146e-01
   6.5483120e-02
   6.7950460e-01
   1.1377892e+00
  -1.0445089e-01
   4.1139124e-01
  -1.4955381e-01
   5.3196304e-01
  -1.1740466e+00
  -1.3804133e+00
   6.3739798e-02
  -1.9732065e+00
  -1.9967737e+00
  -5.0228110e-01
   7.7289801e-01
  -1.0117830e+00
  -4.8264087e-02
  -1.0793363e+00
  -1.8111369e+00
  -1.3142035e+00
   6.1841552e-02
  -1.3409769e+00
   7.9069173e-01
  -8.0245497e-01
   2.0311058e-02
  -5.1933167e-01
  -2.3416586e-01
   6.2282557e-01
  -1.0981787e+00
   6.1823724e-01
  -1.6572587e+00
  -1.2740843e-01
   3.4881056e-01
  -1.1360621e-01
  -1.1916209e-02
  -2.0586768e+00
  -4.8510598e-01
   8.6707862e-01
   5.5013435e-01
   2.0157393e-01
  -1.2015578e-01
  -1.1294046e-01
  -9.8617226e-01
  -2.3142540e-01
  -1.8610424e-01
   3.6714728e-01
  -1.1566302e+00
  -1.2204031e+00
  -2.7877699e-01
   5.0594554e-01
  -5.7772136e-01
  -4.4265272e-01
   6.0534989e-01
   5.2015974e-01
   2.1889455e-01
  -1.4456386e+00
   2.0331987e-01
  -1.4753150e+00
   1.3053871e-02
   9.1682906e-01
   7.6432793e-01
   1.1606214e+00
  -1.9170090e+00
   1.2356613e-01
  -7.1277011e-01
   4.7425019e-01
  -1.9744788e+00
  -3.2169756e-01
   4.7886336e-01
  -1.3704895e+00
  -1.9706934e+00
  -1.9364614e-01
   2.4296925e-01
  -5.9314788e-01
  -5.2120168e-01
   5.1426983e-01
  -4.4551844e-01
  -1.0081046e-01
  -1.4857508e+00
  -1.5706189e-01
  -2.5221102e-01
   5.6953679e-01
  -3.5363778e-01
  -5.0336203e-01
  -5.3892554e-01
   8.8696943e-03
  -4.5487360e-01
  -1.7536194e-01
  -1.8112513e+00
  -9.0458595e-03
  -3.3414227e-01
  -4.5840843e-01
  -6.3538871e-01
   8.7041691e-01
   1.1822965e+00
  -3.8220046e-01
   4.6027738e-02
   4.7173193e-01
  -8.6971597e-01
  -1.6510072e+00
   1.1217285e-01
   8.2306501e-01
   7.2285343e-01
   5.2315895e-01
  -1.8834054e-01
  -1.1944997e+00
   6.4602940e-01
   1.0657384e+00
  -2.0792999e-01
  -2.1522765e+00
  -2.1513605e+00
  -4.1117445e-01
  -1.9734661e+00
  -3.5289056e-01
  -7.0468976e-01
  -1.3490872e+00
  -1.6070568e+00
   2.1285165e-01
  -4.5838135e-01
   7.0495045e-01
  -1.7473682e+00
  -8.8853240e-01
  -1.5803886e+00
  -1.1030290e+00
  -4.0577463e-01
