   5.7007757e+00
   1.3868311e+00
   3.6410555e+00
   2.9158948e+00
   5.3477938e+00
   4.5725810e+00
   2.7388060e+00
   1.1102186e-01
   4.9284430e+00
   2.6682202e+00
   3.6925941e+00
   4.7516222e+00
   5.5308778e+00
   4.4292435e+00
   1.0575969e+00
   2.4342373e+00
   5.6128182e+00
   5.5014266e+00
   2.4616212e+00
   5.3618972e+00
   3.4734783e-01
   2.1172088e+00
   4.8789990e+00
   5.9167804e-02
   8.3334529e-01
   1.2165913e+00
   1.1923305e+00
   3.6227549e+00
   1.6331275e+00
   1.1928856e+00
   9.1643562e-02
   4.4807141e+00
   2.6705786e+00
   5.5908875e+00
   2.7959661e+00
   2.5118968e+00
   5.0773285e+00
   3.1509150e+00
   1.2158841e+00
   4.0328248e+00
   5.0287107e+00
   1.1783708e-01
   4.0876630e+00
   2.2768861e+00
   4.9907761e+00
   3.0168773e+00
   4.2568284e+00
   2.5733542e+00
   1.8277042e+00
   1.1379225e+00
   1.1605869e+00
   4.0933393e+00
   1.8165864e+00
   3.2500431e+00
   9.0523786e-01
   4.1873909e+00
   2.2702380e+00
   5.1600696e+00
   5.1219308e+00
   3.5613775e+00
   2.9793147e+00
   5.3986151e+00
   4.9297750e+00
   3.8694623e+00
   4.9078460e+00
   3.9613653e+00
   2.0518237e+00
   1.7383554e+00
   2.0471614e+00
   3.2044741e+00
   4.3626793e+00
   1.8557410e+00
   5.0309763e+00
   3.4084348e+00
   2.2224813e+00
   4.2164395e+00
   3.2794269e+00
   2.6692812e+00
   4.1674034e+00
   3.7278608e+00
   4.7689265e+00
   5.7410607e+00
   3.1355421e+00
   5.2808532e+00
   1.0377368e+00
   5.8784814e+00
   1.6286836e+00
   1.5139761e+00
   5.2544514e+00
   4.4238359e+00
   8.1911245e-01
   7.0540124e-02
   5.3633878e+00
   1.1948284e+00
   1.7923381e+00
   3.9686555e+00
   1.7064515e+00
   2.8153457e+00
   3.8868674e-01
   5.9300096e+00
   3.4967501e+00
   2.5409775e+00
   3.0930705e+00
   2.0037089e+00
   2.5974396e+00
   1.3556992e+00
   3.4788412e+00
   4.5621901e+00
   3.1789387e+00
   3.8431590e+00
   1.2544164e+00
   2.2789102e+00
   4.6999719e+00
   4.0850745e+00
   2.7665708e+00
   3.4069723e+00
   4.7652639e+00
   3.5509556e-01
   3.6172145e+00
   3.0161282e-01
   2.4922492e+00
   1.8299921e+00
   5.2462030e+00
   9.0056992e-02
   4.6077023e+00
   5.8250696e+00
   5.9404956e+00
   4.7331702e+00
   2.6319512e+00
   2.9898678e+00
   1.2837800e+00
   3.8609537e+00
   1.9202135e+00
   5.7605916e+00
   4.3597906e+00
   2.4717192e+00
   4.4673947e+00
   1.6076835e+00
   2.6395459e+00
   5.6002806e+00
   4.0999939e+00
   1.2753592e+00
   5.0354294e+00
   3.7727076e+00
   8.0263649e-01
   1.2427964e+00
   3.6431937e+00
   3.7793271e+00
   2.2228610e+00
   3.4508867e+00
   2.7085490e+00
   2.6337195e-01
   1.6311074e-01
   1.8761103e+00
   7.7175448e-02
   2.3038037e+00
   4.0986958e+00
   5.5705477e-01
   2.1202994e-01
   3.6743729e+00
   3.6512422e+00
   9.4558908e-02
   9.8129601e-02
   1.1404475e+00
   3.5215108e+00
   3.4548654e-01
   2.2054082e+00
   3.7887070e+00
   4.3058065e+00
   4.1560164e+00
   5.0447436e-01
   2.7261309e+00
   2.6509698e+00
   2.1195027e+00
   9.2163818e-01
   4.0538679e+00
   4.1952800e+00
   4.3650548e+00
   2.8703063e+00
   3.3290519e+00
   7.2628268e-01
   2.7045236e+00
   4.2952977e+00
   5.3570496e+00
   1.6386148e+00
   1.5286158e+00
   5.1936209e+00
   1.3941022e+00
   4.8292305e+00
   5.4503853e+00
   1.3913659e+00
   1.4358754e+00
   2.9852690e-01
   4.7030445e-01
   3.8448925e+00
   1.1453194e+00
   5.0632170e+00
   1.0434015e+00
   1.0247569e+00
   5.9657729e+00
